0 0.354167 1.0037 0.35625 0.996289 0.36875 0.985178 0.389583 0.977771 0.402083 0.955548 0.4125 0.948141 0.48125 0.922215 0.527083 0.896289 0.541667 0.911104 0.55625 0.9074 0.562496 0.896296 0.572913 0.848148 0.572913 0.781481 0.581246 0.740741 0.581246 0.707407 0.589579 0.662963 0.589579 0.611111 0.595833 0.596289 0.625 0.570363 0.631246 0.559259 0.631246 0.537037 0.624996 0.533333 0.627079 0.477778 0.622917 0.46297 0.60625 0.459267 0.597921 0.474074 0.597921 0.492593 0.591671 0.507407 0.591671 0.522222 0.583333 0.533341 0.577083 0.533341 0.572913 0.522222 0.572913 0.477778 0.583329 0.437037 0.577083 0.429637 0.5625 0.429637 0.554171 0.444444 0.535421 0.492593 0.537504 0.525926 0.543754 0.548148 0.543754 0.585185 0.541667 0.5926 0.531254 0.6 0.525004 0.622222 0.518754 0.67037 0.512504 0.685185 0.506254 0.740741 0.493754 0.755556 0.477083 0.796304 0.404167 0.822229 0.358333 0.825933 0.314583 0.837044 0.270833 0.833341 0.25 0.866674 0.2375 0.870378 0.216667 0.859267 0.183333 0.925933 0.154167 0.96297 0.135413 0.903704 0.102079 0.837037 0.0895792 0.77037 0.0687459 0.733333 0.0604126 0.703704 0.025 0.640748 0.00832925 0.640741 0.00832925 0.596296 0.0124959 0.559259 0.0270792 0.533333 0.0291626 0.507407 0.0249959 0.488889 0.0104167 0.46297 4.08497e-06 0.466667 0.00208333 1.0037 0.0395833 0.999993 0.0458292 0.988889 0.0479167 0.970363 0.075 0.940733 0.09375 0.903696 0.106254 0.933333 0.120837 0.985185 0.13125 1.0037 0.354167 1.0037
0 0.733337 0.422222 0.739583 0.429622 0.739583 0.429622 0.75 0.411104 0.760413 0.407407 0.762496 0.4 0.758333 0.381489 0.739583 0.377785 0.733337 0.388889 0.733337 0.422222 0.733333 0.425933 0.727087 0.437037 0.718754 0.492593 0.708337 0.525926 0.695833 0.533341 0.685421 0.555556 0.683337 0.607407 0.704171 0.655556 0.716671 0.707407 0.716671 0.722222 0.727087 0.740741 0.737504 0.785185 0.752083 0.788882 0.752083 0.788882 0.756246 0.781481 0.756246 0.77037 0.747913 0.755556 0.745829 0.72963 0.735413 0.7 0.724996 0.618519 0.716667 0.600007 0.704163 0.596296 0.712496 0.551852 0.731246 0.514815 0.737496 0.485185 0.737496 0.440741 0.733333 0.425933
0 0.627083 0.955548 0.63125 0.948141 0.6625 0.929622 0.687496 0.892593 0.689579 0.877778 0.702079 0.859259 0.706246 0.844444 0.718746 0.781481 0.720829 0.711111 0.716663 0.703704 0.716663 0.677778 0.712496 0.662963 0.695829 0.637037 0.677083 0.596304 0.65625 0.581489 0.647917 0.566674 0.6125 0.566674 0.604167 0.570378 0.589587 0.592593 0.589587 0.651852 0.579171 0.703704 0.577087 0.755556 0.568754 0.792593 0.568754 0.862963 0.564587 0.885185 0.543754 0.914815 0.541671 0.925926 0.5625 0.955548 0.627083 0.955548
3 0.629167 0.422215 0.639578 0.388889 0.639579 0.374074 0.633329 0.362963 0.639509 0.355556 0.639583 0.34814 0.66875 0.34814 0.679154 0.333333 0.672917 0.322487 0.666667 0.333341 0.639579 0.333333 0.63742 0.266667 0.63125 0.255564 0.625034 0.27037 0.627344 0.325926 0.61875 0.318527 0.614588 0.325926 0.620833 0.340693 0.618757 0.344444 0.589616 0.366667 0.589603 0.377778 0.595833 0.38143 0.625 0.355548 0.627087 0.396296 0.62295 0.414815 0.629167 0.422215
3 0.4 0.811103 0.404162 0.8 0.391667 0.785203 0.391667 0.775926 0.427083 0.744431 0.433268 0.733333 0.427083 0.725935 0.393773 0.759259 0.3875 0.759267 0.385413 0.755556 0.391662 0.714815 0.385417 0.711122 0.381256 0.722222 0.377095 0.762963 0.368958 0.77037 0.35625 0.770396 0.354171 0.781481 0.370833 0.785169 0.366688 0.796296 0.36875 0.8074 0.374935 0.803704 0.379167 0.788882 0.383333 0.78888 0.391667 0.807399 0.4 0.811103
3 0.302083 0.125919 0.306246 0.118519 0.310417 0.0925853 0.322917 0.103696 0.335413 0.1 0.333333 0.0851924 0.314583 0.0740813 0.310413 0.062963 0.3375 0.059252 0.339579 0.0444444 0.30625 0.0444517 0.291667 0.0185258 0.28125 0.0148221 0.279171 0.0296296 0.295833 0.0518446 0.295837 0.0592593 0.272917 0.0814887 0.268754 0.0888889 0.268754 0.1 0.277083 0.103696 0.291667 0.0851779 0.3 0.0814742 0.293754 0.122222 0.302083 0.125919
3 0.766667 0.592585 0.768746 0.551852 0.779167 0.548141 0.789583 0.551845 0.793746 0.544444 0.793746 0.533333 0.764579 0.533333 0.774996 0.503704 0.772917 0.485192 0.764587 0.488889 0.762504 0.5 0.756254 0.507407 0.754167 0.522229 0.754163 0.514815 0.741667 0.4926 0.733333 0.4926 0.731254 0.507407 0.743754 0.525926 0.747921 0.540741 0.735421 0.566667 0.735421 0.577778 0.747917 0.577771 0.758333 0.555548 0.758337 0.588889 0.766667 0.592585
3 0.260417 0.63703 0.266663 0.62963 0.26875 0.618511 0.277083 0.618511 0.289583 0.633326 0.30625 0.622215 0.314583 0.625919 0.316663 0.618519 0.310417 0.611118 0.285413 0.614815 0.304163 0.57037 0.295833 0.570378 0.28125 0.600007 0.266667 0.588896 0.264587 0.596296 0.26875 0.603696 0.277087 0.607407 0.2625 0.611118 0.256254 0.62963 0.260417 0.63703
3 0.25 0.262956 0.254167 0.233326 0.26875 0.240733 0.275 0.240733 0.277079 0.233333 0.2625 0.222229 0.252079 0.222222 0.256246 0.207407 0.254167 0.1926 0.245837 0.211111 0.245833 0.222229 0.227083 0.200007 0.225004 0.211111 0.237504 0.22963 0.23125 0.233341 0.227087 0.244444 0.233333 0.248141 0.245833 0.233326 0.245837 0.259259 0.25 0.262956
3 0.0416667 0.13703 0.0499959 0.125926 0.0541667 0.111104 0.0562541 0.122222 0.0645833 0.133326 0.0666626 0.125926 0.0624959 0.107407 0.0708333 0.1074 0.0770792 0.0962963 0.0583333 0.0963036 0.0624959 0.0814815 0.0604167 0.0703776 0.0562541 0.0740741 0.0520833 0.0963036 0.0458333 0.0888962 0.0291667 0.0851924 0.0291667 0.096289 0.0479208 0.103704 0.0479208 0.111111 0.0354208 0.12963 0.0375 0.13703 0.0416667 0.13703
3 0.352083 0.540733 0.352083 0.525933 0.339579 0.518519 0.347913 0.511111 0.345833 0.503711 0.3375 0.507415 0.327083 0.488896 0.322921 0.492593 0.331254 0.514815 0.320837 0.514815 0.322917 0.522215 0.331254 0.525926 0.325004 0.533333 0.327083 0.540733 0.339583 0.529622 0.352083 0.540733
3 0.73125 0.2074 0.733329 0.2 0.720829 0.17037 0.731246 0.151852 0.729167 0.140748 0.71875 0.155563 0.718746 0.140741 0.7125 0.129637 0.712504 0.151852 0.708333 0.159267 0.69375 0.159267 0.685421 0.166667 0.6875 0.174067 0.70625 0.170363 0.708337 0.174074 0.697921 0.192593 0.7 0.203696 0.714583 0.177771 0.727083 0.2074 0.73125 0.2074
3 0.770833 1.0037 0.772913 0.996296 0.768746 0.974074 0.768746 0.948148 0.764579 0.933333 0.78125 0.955548 0.785413 0.948148 0.762496 0.918519 0.770829 0.896296 0.770829 0.888889 0.766667 0.885192 0.752083 0.914822 0.747917 0.903711 0.741671 0.907407 0.750004 0.933333 0.741671 0.959259 0.747917 0.962956 0.758333 0.933326 0.758337 0.944444 0.762504 0.951852 0.764587 0.996296 0.770833 1.0037
3 0.947917 1.0037 0.949996 1 0.94375 0.985192 0.935413 0.981481 0.937496 0.974074 0.933329 0.944444 0.929167 0.940748 0.922921 0.962963 0.925004 0.974074 0.916671 0.988889 0.916671 0.996296 0.920833 0.999993 0.929167 0.981474 0.941667 1.0037 0.947917 1.0037
10 0.652083 0.751845 0.6625 0.766659 0.672917 0.770363 0.70625 0.770363 0.714583 0.759252 0.722917 0.759252 0.722921 0.77037 0.729171 0.777778 0.731254 0.788889 0.747917 0.8074 0.79375 0.811104 0.80625 0.822215 0.814583 0.822215 0.814587 0.82963 0.808337 0.833333 0.804167 0.855563 0.789587 0.855556 0.789587 0.866667 0.797917 0.874067 0.804171 0.888889 0.804171 0.911111 0.795837 0.92963 0.795837 0.944444 0.804167 0.948141 0.814579 0.922222 0.814583 0.859252 0.822921 0.92963 0.8375 0.966659 0.84375 0.966659 0.84375 0.966659 0.845829 0.948148 0.833329 0.914815 0.827079 0.874074 0.827079 0.859259 0.833333 0.859252 0.835417 0.851845 0.837504 0.874074 0.847921 0.892593 0.854171 0.925926 0.872917 0.962956 0.881246 0.959259 0.881246 0.944444 0.872913 0.925926 0.883333 0.925919 0.885417 0.914808 0.902083 0.918511 0.922917 0.962956 0.931246 0.959259 0.931246 0.948148 0.918746 0.922222 0.924996 0.918519 0.924996 0.907407 0.9125 0.903711 0.902079 0.892593 0.893746 0.848148 0.885417 0.833341 0.875 0.829637 0.8625 0.811118 0.841667 0.803711 0.8 0.748155 0.783333 0.740748 0.770833 0.718526 0.747913 0.707407 0.745829 0.685185 0.7625 0.666659 0.770829 0.648148 0.772913 0.6 0.74375 0.548155 0.729167 0.540748 0.716667 0.548155 0.708337 0.562963 0.706254 0.592593 0.716671 0.603704 0.727087 0.637037 0.727087 0.662963 0.735421 0.696296 0.735421 0.718519 0.750004 0.755556 0.760417 0.770363 0.783333 0.770363 0.7875 0.7926 0.754167 0.788896 0.741663 0.774074 0.735413 0.748148 0.729163 0.737037 0.727083 0.718526 0.660417 0.703711 0.658329 0.685185 0.652083 0.674081 0.645833 0.674081 0.639587 0.685185 0.639587 0.696296 0.633337 0.7 0.633333 0.714822 0.622917 0.714822 0.614583 0.6926 0.608333 0.6926 0.602087 0.703704 0.602083 0.718526 0.591667 0.703711 0.585417 0.703711 0.579171 0.714815 0.577087 0.777778 0.591671 0.8 0.591671 0.807407 0.572917 0.807415 0.566671 0.818519 0.566671 0.82963 0.575 0.844437 0.5875 0.840733 0.59375 0.848141 0.610417 0.848141 0.616667 0.840733 0.624996 0.822222 0.627079 0.796296 0.652083 0.751845 0.666667 0.740748 0.658333 0.740748 0.658329 0.722222 0.841667 0.825919 0.843746 0.837037 0.862496 0.866667 0.862496 0.881481 0.858329 0.885185 0.864587 0.903704 0.864587 0.903704 0.889587 0.896296 0.883337 0.862963 0.877083 0.851845 0.866667 0.848141 0.85625 0.829622 0.841667 0.825919 0.658329 0.722222 0.718754 0.737037 0.702083 0.744452 0.700004 0.751852 0.700004 0.751852 0.679167 0.751859 0.666667 0.740748
