6 0.460417 0.303588 0.475 0.296237 0.479167 0.288882 0.51875 0.277771 0.579167 0.274014 0.604167 0.255524 0.618744 0.225926 0.618739 0.218519 0.6125 0.214825 0.597917 0.229637 0.562523 0.248148 0.5375 0.24456 0.5125 0.255563 0.49375 0.255578 0.447917 0.277785 0.441667 0.27409 0.431273 0.285185 0.433333 0.299992 0.460417 0.303588
6 0.529167 0.411088 0.529167 0.38893 0.485417 0.385192 0.427083 0.325942 0.40625 0.322391 0.400004 0.32963 0.402083 0.34071 0.410417 0.348107 0.43125 0.355548 0.452083 0.392551 0.464583 0.403694 0.485417 0.410995 0.529167 0.411088
6 0.391667 0.596283 0.424982 0.57037 0.4875 0.551736 0.497911 0.537037 0.504144 0.514815 0.497917 0.507523 0.491667 0.522229 0.475 0.537044 0.414583 0.551883 0.389583 0.566708 0.377088 0.581481 0.379167 0.592573 0.391667 0.596283
3 0.402083 0.703588 0.404102 0.696296 0.395818 0.677778 0.4125 0.666626 0.4125 0.651883 0.391667 0.666674 0.393229 0.648148 0.389576 0.637037 0.370833 0.614873 0.366671 0.625926 0.383333 0.648132 0.383333 0.662977 0.364518 0.655556 0.354167 0.637049 0.347923 0.640741 0.352083 0.659237 0.360417 0.670339 0.372929 0.674074 0.362506 0.688889 0.364583 0.696285 0.3875 0.685178 0.395833 0.703692 0.402083 0.703588
6 0.3125 0.318501 0.347917 0.307393 0.364583 0.292585 0.404167 0.296282 0.414583 0.292477 0.44375 0.266551 0.456227 0.248148 0.456246 0.240741 0.452083 0.233449 0.427083 0.26297 0.3625 0.266708 0.339583 0.281489 0.310417 0.285207 0.293754 0.303704 0.297917 0.318498 0.3125 0.318501
6 0.15625 0.462847 0.1708 0.440741 0.183333 0.411104 0.19375 0.399993 0.20625 0.399987 0.216667 0.392585 0.229161 0.377778 0.229144 0.37037 0.222917 0.366782 0.208398 0.381481 0.185417 0.388904 0.1625 0.433341 0.145856 0.455556 0.147917 0.462847 0.15625 0.462847
3 0.202083 0.614807 0.20416 0.596296 0.222884 0.577778 0.21875 0.57038 0.2 0.581504 0.193717 0.559259 0.189583 0.555594 0.187504 0.57037 0.189592 0.581481 0.160425 0.581481 0.1625 0.592533 0.181264 0.592593 0.183333 0.61107 0.195833 0.599993 0.195843 0.607407 0.202083 0.614807
3 0.852083 0.611053 0.854161 0.6 0.843732 0.588889 0.85625 0.58885 0.85625 0.57419 0.835417 0.574086 0.833333 0.56297 0.827091 0.566667 0.827083 0.574088 0.822917 0.559375 0.816699 0.566667 0.820838 0.588889 0.808338 0.596296 0.810417 0.607398 0.816667 0.607393 0.83125 0.592585 0.852083 0.611053
3 0.220833 0.53703 0.23125 0.507398 0.25 0.51848 0.252076 0.507407 0.241662 0.5 0.258333 0.488875 0.260413 0.477778 0.252083 0.474105 0.227083 0.4926 0.208333 0.470392 0.204174 0.481481 0.218815 0.5 0.204167 0.500116 0.202148 0.511111 0.220833 0.514805 0.216671 0.52963 0.220833 0.53703
6 0.652083 0.218492 0.654162 0.211111 0.647917 0.200041 0.635417 0.188896 0.614583 0.155569 0.595833 0.140748 0.583333 0.122243 0.579188 0.125926 0.579171 0.133333 0.5875 0.14813 0.60625 0.162956 0.635417 0.207388 0.652083 0.218492
3 0.889583 0.67777 0.893738 0.67037 0.89375 0.655548 0.914583 0.655524 0.916659 0.648148 0.9125 0.640756 0.9 0.640748 0.9 0.625986 0.889583 0.637045 0.88125 0.622235 0.877091 0.62963 0.88125 0.640749 0.866667 0.644459 0.864588 0.651852 0.86875 0.659249 0.885417 0.655544 0.885421 0.674074 0.889583 0.67777
