1 0.558333 0.944437 0.566663 0.933333 0.566663 0.918519 0.554163 0.9 0.554163 0.885185 0.55 0.877785 0.539583 0.877785 0.525 0.866674 0.516667 0.866674 0.510421 0.877778 0.508337 0.9 0.522917 0.944437 0.558333 0.944437
1 1 0.744437 1.00208 0.577778 0.995833 0.574081 0.983333 0.585192 0.977087 0.6 0.972921 0.625926 0.970837 0.685185 0.975004 0.72963 1 0.744437
1 0.720837 0.651852 0.725004 0.651852 0.725004 0.659259 0.720837 0.666667 0.729171 0.677778 0.729171 0.711111 0.733333 0.718511 0.7875 0.718511 0.7875 0.718511 0.804163 0.7 0.806246 0.662963 0.802079 0.655556 0.804163 0.644444 0.799996 0.62963 0.802079 0.596296 0.791667 0.577785 0.770833 0.585192 0.758333 0.559267 0.74375 0.559267 0.725004 0.588889 0.720837 0.603704 0.720837 0.651852 0.720829 0.651852 0.71875 0.640748 0.714587 0.648148 0.716667 0.659252 0.716667 0.659252 0.720829 0.651852
1 0.89375 0.714808 0.895833 0.7074 0.9125 0.703696 0.925 0.688882 0.93125 0.696289 0.952083 0.692585 0.956246 0.685185 0.954163 0.651852 0.935417 0.618526 0.922917 0.625933 0.922921 0.644444 0.91875 0.644452 0.910413 0.633333 0.908329 0.614815 0.902083 0.603711 0.885417 0.603711 0.870837 0.62963 0.870837 0.681481 0.875004 0.703704 0.88125 0.714808 0.89375 0.714808
1 0.872917 0.71107 0.879152 0.7 0.88124 0.685185 0.881245 0.640741 0.875 0.629641 0.866667 0.629638 0.860417 0.637069 0.845833 0.640856 0.839596 0.659259 0.839588 0.674074 0.845848 0.7 0.854167 0.711094 0.872917 0.71107
5 0.804167 0.248141 0.810417 0.2074 0.825 0.199993 0.829167 0.2074 0.845833 0.211104 0.852079 0.2 0.854163 0.181481 0.849996 0.174074 0.847917 0.140748 0.845833 0.144452 0.84375 0.137044 0.833333 0.137044 0.804167 0.170378 0.79375 0.174081 0.783337 0.196296 0.783337 0.214815 0.787504 0.22963 0.795833 0.23703 0.8 0.248141 0.804167 0.248141
5 0.645833 0.244437 0.660413 0.2 0.639583 0.16297 0.633337 0.177778 0.633337 0.2 0.637504 0.214815 0.637504 0.233333 0.641667 0.244437 0.645833 0.244437
5 0.9125 0.288882 0.935417 0.281474 0.943746 0.259259 0.943746 0.248148 0.9375 0.240748 0.929167 0.244452 0.925 0.237044 0.916667 0.237044 0.912504 0.244444 0.912504 0.262963 0.908337 0.27037 0.908337 0.281481 0.9125 0.288882
5 0.941667 0.399993 0.949996 0.388889 0.945833 0.359267 0.929167 0.355563 0.918754 0.37037 0.925 0.396289 0.941667 0.399993
5 0.935417 0.392569 0.943728 0.374074 0.941602 0.359259 0.9375 0.351968 0.920833 0.351884 0.914589 0.366667 0.916685 0.385185 0.922917 0.392584 0.935417 0.392569
5 0.864583 0.944437 0.866663 0.922222 0.862496 0.914815 0.868746 0.907407 0.860417 0.896304 0.847917 0.896304 0.84375 0.885192 0.835417 0.881489 0.833337 0.914815 0.829171 0.92963 0.835417 0.93703 0.841667 0.925919 0.854167 0.940733 0.864583 0.944437
5 0.8375 0.944414 0.85 0.929514 0.860417 0.929514 0.866634 0.918519 0.866659 0.9 0.8625 0.889005 0.854167 0.885214 0.84375 0.90006 0.833333 0.900017 0.827089 0.911111 0.825009 0.922222 0.827117 0.933333 0.8375 0.944414
5 0.891667 0.414808 0.902079 0.392593 0.902079 0.362963 0.895833 0.344452 0.88125 0.359267 0.875004 0.377778 0.879171 0.385185 0.879171 0.4 0.891667 0.414808
5 0.779167 0.411104 0.781246 0.392593 0.770833 0.366674 0.754167 0.36297 0.747921 0.374074 0.75 0.388882 0.762504 0.388889 0.758337 0.403704 0.760417 0.4074 0.779167 0.411104
5 0.66875 0.548141 0.679163 0.511111 0.660417 0.507415 0.650004 0.540741 0.654167 0.548141 0.66875 0.548141
5 0.645833 0.592585 0.647913 0.581481 0.639583 0.551859 0.627083 0.555563 0.620837 0.566667 0.620837 0.581481 0.625 0.588882 0.645833 0.592585
5 0.520833 0.73703 0.531246 0.7 0.514583 0.685192 0.5 0.6926 0.495837 0.733333 0.520833 0.73703
5 0.529167 0.466659 0.55 0.459252 0.554163 0.451852 0.552079 0.433333 0.545833 0.422229 0.527087 0.425926 0.525004 0.440741 0.520837 0.444444 0.520837 0.455556 0.529167 0.466659
11 0.527083 0.462937 0.539583 0.455524 0.560402 0.418519 0.560409 0.348148 0.545833 0.311152 0.522917 0.292604 0.495833 0.300041 0.475 0.314822 0.45625 0.303745 0.445833 0.303712 0.439606 0.311111 0.437504 0.32963 0.429179 0.344444 0.425007 0.366667 0.427095 0.403704 0.439583 0.425894 0.452083 0.437015 0.464583 0.425917 0.477083 0.436996 0.495833 0.437029 0.520833 0.462847 0.527083 0.462937
