5 0.55625 0.640728 0.562494 0.62963 0.562496 0.607407 0.552079 0.588889 0.556242 0.574074 0.556246 0.551852 0.58125 0.544436 0.58749 0.533333 0.587495 0.518519 0.579167 0.500053 0.572913 0.5 0.574948 0.477778 0.570833 0.470387 0.560417 0.466674 0.552083 0.470388 0.547917 0.462987 0.5375 0.462979 0.53125 0.474172 0.531235 0.466667 0.522917 0.45186 0.516667 0.448272 0.506257 0.462963 0.508338 0.503704 0.50209 0.514815 0.502094 0.533333 0.497917 0.533363 0.489588 0.548148 0.489605 0.566667 0.5 0.603535 0.508333 0.611088 0.527083 0.611104 0.54375 0.640732 0.55625 0.640728
5 0.71875 0.888831 0.73125 0.881455 0.754167 0.840733 0.76875 0.874033 0.777083 0.87777 0.783333 0.877762 0.787496 0.87037 0.791657 0.862963 0.791667 0.851845 0.802083 0.851841 0.808326 0.840741 0.806185 0.814815 0.7875 0.78893 0.791661 0.759259 0.783316 0.740741 0.789572 0.725926 0.78956 0.703704 0.785417 0.696316 0.775 0.69261 0.764583 0.703745 0.74375 0.677788 0.735417 0.677819 0.727089 0.7 0.729167 0.71112 0.7125 0.714831 0.695839 0.744444 0.695843 0.803704 0.704167 0.818496 0.7125 0.818496 0.718745 0.807407 0.720829 0.759259 0.724935 0.755556 0.72919 0.755556 0.727093 0.777778 0.735421 0.792593 0.720843 0.82963 0.7125 0.837044 0.702083 0.837153 0.689596 0.855556 0.689606 0.874074 0.695833 0.885171 0.71875 0.888831
5 0.408333 0.92962 0.416657 0.911111 0.4125 0.862922 0.416663 0.840741 0.429144 0.814815 0.429154 0.796296 0.420833 0.781499 0.4125 0.781491 0.404144 0.792593 0.389583 0.763079 0.366667 0.74817 0.34375 0.744462 0.335417 0.748189 0.329175 0.762963 0.333333 0.785144 0.34375 0.79257 0.36875 0.796289 0.379171 0.807407 0.375006 0.814815 0.370833 0.848155 0.354152 0.844444 0.34375 0.833374 0.333333 0.837045 0.327089 0.848148 0.329182 0.874074 0.345833 0.899988 0.372917 0.899992 0.372927 0.914815 0.38125 0.929608 0.408333 0.92962
5 0.50625 0.862953 0.514518 0.851852 0.516652 0.840741 0.520833 0.840727 0.527074 0.82963 0.527018 0.796296 0.522904 0.785185 0.531236 0.77037 0.53125 0.759244 0.539576 0.748148 0.54166 0.722222 0.533333 0.703713 0.5125 0.703716 0.49375 0.714822 0.485417 0.70373 0.477083 0.703713 0.468762 0.714815 0.468754 0.733333 0.481254 0.762963 0.477088 0.807407 0.487565 0.844444 0.497917 0.862922 0.50625 0.862953
5 0.616667 0.744433 0.627076 0.72963 0.627076 0.711111 0.610413 0.681481 0.606245 0.62963 0.6 0.618526 0.591667 0.614828 0.581265 0.62963 0.570833 0.633374 0.56459 0.651852 0.564648 0.674074 0.572982 0.725926 0.585417 0.744425 0.616667 0.744433
5 0.566667 0.362947 0.572894 0.351852 0.574935 0.337037 0.5875 0.3407 0.602071 0.322222 0.599977 0.3 0.59375 0.292606 0.585417 0.2926 0.581246 0.285185 0.58125 0.274058 0.591667 0.277767 0.616667 0.274066 0.627075 0.251852 0.629154 0.222222 0.620833 0.203712 0.610417 0.192634 0.595829 0.196296 0.599977 0.159259 0.59375 0.148189 0.579167 0.151893 0.5625 0.200007 0.552062 0.2 0.525 0.159281 0.514583 0.159275 0.50834 0.17037 0.508398 0.196296 0.512504 0.203704 0.512523 0.222222 0.516672 0.22963 0.497917 0.240763 0.487512 0.259259 0.485424 0.3 0.491667 0.311089 0.5 0.311103 0.508333 0.29999 0.51875 0.318487 0.531315 0.311111 0.554167 0.362922 0.566667 0.362947
5 0.75625 0.581463 0.762488 0.57037 0.762477 0.548148 0.754167 0.533345 0.745829 0.52963 0.747894 0.5 0.735417 0.485207 0.725 0.492634 0.720833 0.485226 0.710417 0.485196 0.704171 0.496296 0.702088 0.514815 0.704199 0.544444 0.710432 0.566667 0.716667 0.574066 0.739583 0.570363 0.745833 0.581469 0.75625 0.581463
5 0.916667 0.359218 0.92291 0.344444 0.92291 0.333333 0.916667 0.31856 0.904167 0.30742 0.899996 0.266667 0.914583 0.270329 0.922894 0.255556 0.924992 0.218519 0.935409 0.2 0.935413 0.181481 0.945833 0.177756 0.952078 0.162963 0.949966 0.125926 0.94375 0.118529 0.93125 0.11856 0.920839 0.140741 0.914583 0.148157 0.9125 0.144452 0.883329 0.0777778 0.881246 0.0592593 0.895825 0.0333333 0.891602 0.0111111 0.885417 0.00381944 0.879167 0.00381944 0.864583 0.0222322 0.854167 0.0259383 0.85 0.0111523 0.8375 7.46714e-06 0.8125 7.26216e-06 0.804167 0.0185267 0.8 0.0185273 0.774967 0.0148148 0.758333 8.90313e-06 0.739583 1.02312e-05 0.733356 0.0148148 0.735423 0.037037 0.758333 0.0703106 0.770851 0.0740741 0.764588 0.1 0.764606 0.118519 0.770833 0.129608 0.783333 0.129617 0.806233 0.0925926 0.822899 0.0777778 0.845833 0.0851737 0.860421 0.122222 0.858338 0.144444 0.860422 0.155556 0.839648 0.17037 0.833337 0.222222 0.829174 0.233333 0.8292 0.262963 0.839583 0.277752 0.847917 0.274061 0.854154 0.262963 0.860413 0.237037 0.866667 0.229514 0.866674 0.285185 0.881273 0.333333 0.897917 0.359242 0.916667 0.359218
5 0.76875 0.277737 0.781227 0.251852 0.78124 0.211111 0.76875 0.181498 0.766658 0.155556 0.758333 0.140757 0.71875 0.140756 0.70626 0.17037 0.702089 0.214815 0.708333 0.225915 0.71875 0.225915 0.724994 0.214815 0.73125 0.181474 0.73334 0.207407 0.74169 0.225926 0.72919 0.237037 0.727093 0.251852 0.72919 0.262963 0.7375 0.274058 0.76875 0.277737
5 0.689583 0.199978 0.695833 0.192579 0.702083 0.196267 0.708333 0.192477 0.712435 0.185185 0.712488 0.148148 0.70625 0.137053 0.702076 0.137037 0.699995 0.118519 0.69375 0.107421 0.683333 0.10742 0.672917 0.118526 0.666667 0.103745 0.652083 0.103745 0.639593 0.122222 0.635417 0.144461 0.61875 0.1593 0.612512 0.177778 0.620833 0.199978 0.635417 0.199969 0.652083 0.177766 0.658333 0.185163 0.66875 0.185163 0.674993 0.174074 0.675 0.166653 0.675005 0.185185 0.683333 0.199959 0.689583 0.199978
11 0.441667 0.237044 0.44166 0.22963 0.433333 0.214837 0.395833 0.214837 0.341667 0.240763 0.31875 0.263004 0.293759 0.307407 0.28545 0.32963 0.268759 0.407407 0.268758 0.551852 0.275023 0.585185 0.28544 0.614815 0.3125 0.670329 0.335417 0.688882 0.352083 0.718504 0.372917 0.72961 0.416667 0.73332 0.416667 0.73332 0.44375 0.711092 0.460417 0.71841 0.485417 0.714712 0.50625 0.718489 0.518737 0.703704 0.518743 0.681481 0.497913 0.633333 0.491651 0.6 0.456246 0.559259 0.445829 0.522222 0.439579 0.47037 0.441663 0.425926 0.460413 0.374074 0.493724 0.340741 0.491493 0.311111 0.481243 0.303704 0.512482 0.248148 0.510408 0.225926 0.502083 0.215741 0.49375 0.218526 0.4875 0.211123 0.464583 0.214824 0.441667 0.237044 0.422917 0.259251 0.385352 0.262963 0.370833 0.274016 0.362482 0.274074 0.329167 0.303696 0.308329 0.348148 0.302083 0.377718 0.34375 0.64446 0.327083 0.633341 0.299996 0.574074 0.29375 0.54456 0.291663 0.5 0.29375 0.422215 0.356254 0.444444 0.395829 0.688889 0.410428 0.688889 0.410428 0.688889 0.422922 0.681481 0.41875 0.666659 0.395829 0.688889 0.356254 0.444444 0.356308 0.533333 0.372933 0.585185 0.387504 0.607407 0.397924 0.633333 0.375 0.659271 0.366671 0.677778 0.366671 0.677778 0.34375 0.64446 0.302083 0.377718 0.366671 0.4 0.366671 0.4 0.377092 0.359259 0.387504 0.340741 0.395839 0.303704 0.422917 0.259251
