8 0.44375 0.54441 0.451875 0.522222 0.44375 0.503717 0.4375 0.500043 0.427093 0.514815 0.4271 0.533333 0.433333 0.544406 0.44375 0.54441
8 0.441667 0.599961 0.4479 0.588889 0.447904 0.57037 0.441667 0.559282 0.43125 0.559282 0.425016 0.57037 0.425022 0.588889 0.43125 0.599961 0.441667 0.599961
8 0.616667 0.581458 0.624984 0.559259 0.61875 0.540856 0.6125 0.537153 0.600033 0.551852 0.600009 0.566667 0.60625 0.581366 0.616667 0.581458
8 0.677083 0.585069 0.687478 0.57037 0.687435 0.551852 0.68125 0.540856 0.670833 0.540779 0.662522 0.562963 0.66875 0.581366 0.677083 0.585069
8 0.877083 0.766551 0.887435 0.751852 0.887487 0.737037 0.879167 0.722242 0.870833 0.722251 0.864593 0.733333 0.862533 0.748148 0.86875 0.762905 0.877083 0.766551
8 0.902083 0.836921 0.908317 0.822222 0.906185 0.803704 0.9 0.796311 0.8875 0.800116 0.88335 0.811111 0.885449 0.82963 0.889583 0.836921 0.902083 0.836921
8 0.825 0.777739 0.833322 0.762963 0.83332 0.748148 0.829167 0.737153 0.81875 0.733362 0.810449 0.744444 0.808366 0.755556 0.816667 0.777662 0.825 0.777739
8 0.822917 0.729591 0.831234 0.707407 0.825 0.689005 0.816667 0.685301 0.806283 0.7 0.806261 0.714815 0.814583 0.729613 0.822917 0.729591
8 0.789583 0.666551 0.795817 0.655556 0.7979 0.640741 0.789583 0.622338 0.78125 0.62228 0.772949 0.637037 0.772949 0.651852 0.78125 0.666609 0.789583 0.666551
8 0.960417 0.885169 0.968739 0.87037 0.968717 0.855556 0.95625 0.840799 0.945898 0.851852 0.943772 0.866667 0.952083 0.885156 0.960417 0.885169
