6 0.372917 0.5222 0.383333 0.514774 0.393746 0.492593 0.385417 0.48152 0.347852 0.477778 0.320833 0.466682 0.252083 0.46297 0.23125 0.451859 0.18125 0.40002 0.1625 0.396305 0.158345 0.403704 0.166667 0.414783 0.179167 0.414808 0.185417 0.425911 0.202093 0.437037 0.227083 0.474066 0.24375 0.488878 0.366667 0.503696 0.362508 0.511111 0.36875 0.522214 0.372917 0.5222
6 0.345829 0.322222 0.34375 0.292652 0.314583 0.288905 0.287523 0.311111 0.281254 0.325926 0.285427 0.348148 0.29375 0.359144 0.310417 0.359248 0.310417 0.359248 0.329167 0.348139 0.343727 0.32963 0.345829 0.322222 0.333342 0.311111 0.30625 0.318511 0.30206 0.325926 0.30834 0.325926 0.30834 0.325926 0.333342 0.311111
6 0.06875 0.318467 0.145833 0.307292 0.164583 0.292584 0.17082 0.281481 0.170826 0.266667 0.164583 0.251872 0.158333 0.251859 0.154167 0.244453 0.114583 0.24075 0.114583 0.255548 0.12085 0.255556 0.129167 0.26665 0.141667 0.259252 0.154173 0.266667 0.135417 0.281489 0.09375 0.288898 0.0770833 0.300007 0.0666667 0.300034 0.0625155 0.314815 0.06875 0.318467
6 0.685417 0.277758 0.702083 0.270329 0.712482 0.248148 0.70625 0.240856 0.693773 0.255556 0.677083 0.259267 0.647917 0.248188 0.631227 0.248148 0.622917 0.240758 0.597922 0.248148 0.6 0.259127 0.610417 0.262955 0.685417 0.277758
6 0.679167 0.581464 0.681246 0.540741 0.702079 0.503704 0.7 0.477785 0.695837 0.481481 0.691667 0.500007 0.670856 0.518519 0.66876 0.555556 0.672921 0.577778 0.679167 0.581464
6 0.91875 0.385163 0.962482 0.359259 0.979167 0.355529 0.981245 0.348148 0.977083 0.340749 0.95625 0.340856 0.910417 0.36297 0.86875 0.359267 0.858333 0.351883 0.814583 0.344464 0.802083 0.344462 0.79171 0.355556 0.797917 0.366551 0.860417 0.374067 0.885417 0.385159 0.91875 0.385163
3 0.397917 0.703588 0.402075 0.688889 0.395826 0.677778 0.410417 0.674048 0.418744 0.659259 0.418744 0.651852 0.414583 0.648156 0.404167 0.66297 0.391667 0.662971 0.389573 0.637037 0.379167 0.622238 0.370833 0.622231 0.3667 0.637037 0.377148 0.637037 0.383333 0.64813 0.385421 0.662963 0.38125 0.666674 0.360417 0.648264 0.356255 0.659259 0.3625 0.670361 0.372923 0.674074 0.364588 0.685185 0.364598 0.692593 0.36875 0.696286 0.385417 0.681474 0.397917 0.703588
3 0.852083 0.607388 0.856185 0.6 0.843717 0.585185 0.858333 0.592477 0.858333 0.577816 0.8375 0.570388 0.835417 0.555587 0.829177 0.559259 0.827083 0.574081 0.822917 0.555571 0.81459 0.562963 0.818757 0.581481 0.810426 0.588889 0.8125 0.603665 0.829167 0.592585 0.841667 0.596289 0.852083 0.607388
3 0.208333 0.62581 0.210411 0.611111 0.204162 0.592593 0.227083 0.58145 0.227083 0.566782 0.2125 0.570402 0.2 0.581489 0.195827 0.559259 0.1875 0.551968 0.185482 0.559259 0.191667 0.581489 0.16875 0.577787 0.164588 0.585185 0.166667 0.592582 0.1875 0.592585 0.181265 0.596296 0.183333 0.607399 0.197917 0.599992 0.202094 0.622222 0.208333 0.62581
6 0.0125 0.411104 0.0208333 0.403696 0.0333333 0.403696 0.0583333 0.381474 0.0854167 0.366659 0.13125 0.366659 0.137496 0.359259 0.137496 0.348148 0.13125 0.337044 0.08125 0.340748 0.0520833 0.355563 0.0270833 0.377785 0.00625 0.385192 0.00208742 0.403704 0.00625 0.411104 0.0125 0.411104
