5 0.814583 0.614808 0.820829 0.592593 0.833329 0.57037 0.829167 0.559267 0.816667 0.559267 0.812496 0.551852 0.810413 0.533333 0.789583 0.500007 0.781254 0.511111 0.785421 0.52963 0.783333 0.537044 0.772917 0.537044 0.768746 0.52963 0.770829 0.514815 0.7625 0.511118 0.752087 0.522222 0.747917 0.540748 0.735421 0.544444 0.735421 0.559259 0.750004 0.574074 0.750004 0.6 0.75625 0.611104 0.804167 0.603696 0.814583 0.614808
5 0.579167 0.670363 0.587496 0.662963 0.589583 0.640733 0.597917 0.640733 0.604163 0.622222 0.614579 0.607407 0.612496 0.603704 0.616663 0.588889 0.610413 0.581481 0.610413 0.574074 0.61875 0.562956 0.63125 0.562956 0.633329 0.555556 0.604163 0.514815 0.612496 0.503704 0.614579 0.492593 0.614579 0.481481 0.610417 0.474081 0.597917 0.485192 0.5875 0.485192 0.579163 0.466667 0.579163 0.455556 0.575 0.448155 0.568746 0.448148 0.570829 0.440741 0.564583 0.429637 0.53125 0.429637 0.525004 0.451852 0.520837 0.455556 0.518754 0.47037 0.518754 0.514815 0.531254 0.52963 0.531254 0.555556 0.527087 0.57037 0.529171 0.614815 0.545833 0.63703 0.560417 0.666659 0.579167 0.670363
5 0.647917 0.581474 0.668746 0.574074 0.668746 0.533333 0.6625 0.522229 0.65 0.525933 0.641667 0.514822 0.635417 0.514822 0.631254 0.522222 0.633337 0.566667 0.639583 0.581474 0.647917 0.581474
5 0.622917 0.333326 0.645833 0.333318 0.654167 0.325885 0.662477 0.311111 0.670821 0.277778 0.670829 0.237037 0.662491 0.207407 0.647917 0.18149 0.631246 0.185185 0.639579 0.148148 0.639575 0.118519 0.63125 0.103726 0.622917 0.103726 0.612512 0.125926 0.60625 0.170392 0.595833 0.203712 0.585417 0.207415 0.568727 0.203704 0.552083 0.174106 0.54375 0.166689 0.535417 0.170386 0.529172 0.185185 0.5292 0.2 0.545838 0.22963 0.527083 0.233449 0.52084 0.248148 0.516671 0.277778 0.508346 0.292593 0.508339 0.307407 0.516667 0.322213 0.525 0.322207 0.533333 0.307393 0.539583 0.318496 0.54375 0.318511 0.5625 0.314699 0.570833 0.3074 0.58125 0.322202 0.583342 0.351852 0.589583 0.362951 0.602083 0.362847 0.602083 0.362847 0.608327 0.344444 0.622917 0.333326 0.612506 0.296296 0.61875 0.289005 0.641667 0.285192 0.645837 0.266667 0.645837 0.244444 0.629167 0.259243 0.616667 0.262954 0.6125 0.259252 0.614518 0.274074 0.610412 0.296296 0.612506 0.296296 0.612506 0.296296
5 0.422917 0.981471 0.431238 0.966667 0.431238 0.944444 0.439583 0.944403 0.447904 0.92963 0.447883 0.911111 0.429163 0.885185 0.429144 0.859259 0.414583 0.840756 0.406242 0.844444 0.391667 0.811152 0.383333 0.807416 0.35 0.81112 0.343757 0.822222 0.343773 0.840741 0.352083 0.851843 0.379172 0.851852 0.3875 0.88144 0.387504 0.903704 0.377083 0.92223 0.360417 0.896337 0.347917 0.892603 0.339606 0.903704 0.339606 0.925926 0.3625 0.966647 0.370833 0.974055 0.397917 0.981473 0.408333 0.974065 0.4125 0.98147 0.422917 0.981471
5 0.529167 0.914774 0.535406 0.903704 0.535417 0.888881 0.54375 0.888871 0.55206 0.874074 0.552072 0.844444 0.56041 0.82963 0.558329 0.814815 0.577018 0.8 0.579161 0.777778 0.575 0.766708 0.560417 0.76298 0.545833 0.777785 0.533333 0.781491 0.514583 0.759276 0.5 0.7593 0.495842 0.766667 0.493773 0.788889 0.50209 0.8 0.495844 0.811111 0.495851 0.848148 0.510423 0.9 0.51875 0.9148 0.529167 0.914774
5 0.660417 0.799987 0.670821 0.785185 0.670824 0.766667 0.664579 0.755556 0.670828 0.744444 0.670826 0.725926 0.6625 0.711121 0.654163 0.711111 0.652071 0.666667 0.647917 0.6593 0.633333 0.663004 0.622917 0.703714 0.622911 0.696296 0.616667 0.685196 0.60625 0.685194 0.600004 0.696296 0.600006 0.740741 0.604184 0.755556 0.625 0.785069 0.6375 0.785177 0.64375 0.774065 0.652083 0.796285 0.660417 0.799987
5 0.73125 0.214806 0.741654 0.196296 0.75 0.199884 0.758321 0.185185 0.75831 0.166667 0.752079 0.151852 0.752076 0.140741 0.739578 0.125926 0.743732 0.114815 0.743685 0.0777778 0.7375 0.0667264 0.716667 0.0740961 0.704167 0.0963045 0.672917 0.133374 0.668756 0.144444 0.668756 0.159259 0.677083 0.174048 0.683333 0.17406 0.695833 0.15924 0.704167 0.166626 0.716667 0.162956 0.714596 0.2 0.722917 0.214804 0.73125 0.214806
5 0.8375 0.303691 0.845828 0.288889 0.845739 0.251852 0.839579 0.233333 0.841572 0.192593 0.833333 0.166699 0.831234 0.125926 0.822917 0.10744 0.797917 0.0964506 0.787506 0.111111 0.764588 0.185185 0.76459 0.203704 0.770833 0.214798 0.78125 0.2148 0.791667 0.188791 0.797921 0.222222 0.783333 0.225944 0.777089 0.237037 0.77504 0.262963 0.783333 0.277754 0.808333 0.270362 0.816667 0.285146 0.820833 0.285178 0.829167 0.303691 0.8375 0.303691
11 0.281254 0.388889 0.270844 0.47037 0.270851 0.551852 0.28126 0.607407 0.304232 0.681481 0.33125 0.729588 0.385417 0.777766 0.4125 0.788876 0.45625 0.788867 0.45625 0.788867 0.46875 0.777765 0.475 0.762956 0.5 0.770355 0.50625 0.755548 0.545833 0.759214 0.570809 0.718519 0.577078 0.7 0.577068 0.67037 0.55 0.629861 0.51875 0.62223 0.5 0.607416 0.474996 0.522222 0.477079 0.414815 0.483329 0.392593 0.520772 0.318519 0.518745 0.303704 0.5125 0.292603 0.506245 0.292593 0.51237 0.281481 0.520829 0.248148 0.535387 0.218519 0.535405 0.203704 0.527083 0.188897 0.516667 0.188897 0.497932 0.207407 0.483333 0.211126 0.4625 0.225935 0.445833 0.214931 0.425 0.21115 0.39375 0.211133 0.377083 0.22223 0.366667 0.222242 0.327083 0.270381 0.287523 0.344444 0.281264 0.362963 0.281254 0.388889 0.30625 0.388896 0.339578 0.685185 0.322913 0.651852 0.304163 0.588889 0.302069 0.566667 0.295829 0.548148 0.295829 0.466667 0.3 0.429622 0.433333 0.718511 0.410411 0.740741 0.450023 0.744444 0.450023 0.744444 0.454174 0.740741 0.433333 0.718511 0.3 0.429622 0.375004 0.451852 0.372924 0.525926 0.377087 0.540741 0.377096 0.559259 0.397924 0.633333 0.416671 0.681481 0.379172 0.722222 0.379172 0.722222 0.339578 0.685185 0.30625 0.388896 0.3375 0.392673 0.381254 0.411111 0.381254 0.411111 0.397927 0.333333 0.406254 0.318519 0.414598 0.288889 0.435417 0.259244 0.395833 0.255548 0.370833 0.266659 0.333333 0.318511 0.306246 0.377778 0.30625 0.388896
