5 0.86875 0.174067 0.881246 0.151852 0.883329 0.137037 0.902079 0.103704 0.906246 0.0814815 0.912496 0.0703704 0.910417 0.0518591 0.90625 0.0592665 0.904167 0.0518591 0.875 0.0555628 0.860417 0.0333406 0.85625 0.0333406 0.854171 0.0592593 0.843754 0.0666667 0.854171 0.0777778 0.856254 0.0888889 0.847921 0.114815 0.860421 0.144444 0.860421 0.159259 0.856254 0.17037 0.86875 0.174067
5 0.622913 0.688889 0.622917 0.681474 0.6375 0.688882 0.647917 0.685178 0.649996 0.674074 0.643746 0.659259 0.641663 0.633333 0.635417 0.622229 0.591667 0.611118 0.583337 0.62963 0.583337 0.67037 0.577087 0.67037 0.577087 0.696296 0.5875 0.7074 0.59375 0.703696 0.6125 0.714808 0.6125 0.714808 0.622913 0.703704 0.616663 0.7 0.620829 0.696296 0.618746 0.692593 0.622913 0.688889 0.622921 0.688889 0.629167 0.696289 0.629167 0.696289 0.629167 0.685192 0.622921 0.688889
5 0.90625 0.399993 0.914583 0.388882 0.933333 0.388882 0.956246 0.366667 0.956246 0.311111 0.95 0.300007 0.929167 0.296304 0.91875 0.300007 0.910421 0.311111 0.908337 0.325926 0.912504 0.348148 0.893754 0.385185 0.895833 0.399993 0.90625 0.399993
5 0.597917 0.53703 0.61875 0.533326 0.627079 0.518519 0.608333 0.485192 0.59375 0.488896 0.589587 0.496296 0.589587 0.511111 0.585421 0.522222 0.591667 0.53703 0.597917 0.53703
5 0.90625 0.918511 0.914583 0.911104 0.920833 0.896289 0.93125 0.892585 0.939579 0.874074 0.937496 0.82963 0.941663 0.818519 0.9375 0.814822 0.927083 0.825933 0.927079 0.811111 0.920833 0.800007 0.916671 0.803704 0.916667 0.825933 0.902083 0.822229 0.897917 0.837044 0.889583 0.837044 0.885421 0.844444 0.879171 0.881481 0.879171 0.892593 0.8875 0.9074 0.90625 0.918511
5 0.84375 0.999993 0.85 0.988882 0.854167 0.992585 0.860417 0.977771 0.866667 0.977771 0.870829 0.97037 0.870829 0.955556 0.858333 0.925933 0.8375 0.918526 0.833333 0.929637 0.829167 0.922229 0.820833 0.922229 0.816671 0.948148 0.806254 0.966667 0.808337 0.977778 0.816671 0.981481 0.81875 0.996289 0.84375 0.999993
5 0.604167 0.83703 0.614579 0.818519 0.610413 0.759259 0.604167 0.748155 0.583333 0.748155 0.575004 0.774074 0.579167 0.785178 0.585421 0.788889 0.579171 0.8 0.579171 0.811111 0.589583 0.833326 0.604167 0.83703
5 0.429167 0.725919 0.435413 0.718519 0.435413 0.7 0.441667 0.699993 0.445829 0.685185 0.439579 0.666667 0.420833 0.637044 0.389583 0.637044 0.385421 0.644444 0.385421 0.655556 0.397917 0.659252 0.400004 0.67037 0.377087 0.696296 0.379171 0.707407 0.383333 0.714808 0.408333 0.714808 0.408333 0.725919 0.429167 0.725919
5 0.54375 0.622215 0.554163 0.596296 0.541663 0.588889 0.541663 0.574074 0.5375 0.566674 0.535413 0.57037 0.535417 0.56297 0.529167 0.570378 0.520833 0.566674 0.514587 0.577778 0.516671 0.607407 0.527083 0.622215 0.54375 0.622215
5 0.654167 0.266652 0.668738 0.251852 0.67706 0.225926 0.677072 0.203704 0.645833 0.155568 0.639583 0.122263 0.625 0.114823 0.616667 0.122229 0.60625 0.12228 0.587523 0.159259 0.587506 0.177778 0.597982 0.211111 0.614583 0.236996 0.629167 0.233326 0.629173 0.255556 0.635417 0.266645 0.654167 0.266652
5 0.708333 0.414774 0.714577 0.4 0.71456 0.385185 0.706246 0.37037 0.708326 0.344444 0.714571 0.333333 0.714574 0.311111 0.691667 0.266708 0.677083 0.263004 0.670856 0.274074 0.67294 0.359259 0.683337 0.385185 0.683356 0.396296 0.691667 0.411051 0.708333 0.414774
5 0.485417 0.414789 0.491667 0.403694 0.502083 0.403663 0.50625 0.396289 0.54375 0.399991 0.549995 0.388889 0.549995 0.362963 0.545828 0.348148 0.5375 0.333344 0.522917 0.333355 0.518717 0.340741 0.508333 0.322254 0.489583 0.322254 0.477083 0.333374 0.470856 0.344444 0.466675 0.388889 0.472917 0.41107 0.485417 0.414789
5 0.50625 0.570361 0.512477 0.562963 0.524991 0.518519 0.524988 0.492593 0.51875 0.481491 0.502083 0.470381 0.4875 0.470392 0.481262 0.481481 0.481255 0.518519 0.475009 0.52963 0.475023 0.548148 0.48125 0.559228 0.489583 0.559252 0.495833 0.570358 0.50625 0.570361
11 0.58125 0.633292 0.602083 0.625906 0.620833 0.603687 0.633268 0.581481 0.649992 0.533333 0.649988 0.444444 0.645828 0.414815 0.635404 0.374074 0.622917 0.351875 0.585417 0.322235 0.520833 0.32228 0.452083 0.362974 0.44375 0.34816 0.408333 0.34818 0.38125 0.366678 0.375008 0.377778 0.370837 0.411111 0.35626 0.451852 0.356257 0.511111 0.368756 0.562963 0.379167 0.588848 0.410417 0.618493 0.447917 0.625885 0.454158 0.614815 0.454163 0.596296 0.458325 0.588889 0.477083 0.592571 0.485417 0.581471 0.50625 0.61107 0.516667 0.618496 0.554167 0.633325 0.58125 0.633292
