3 0.764583 0.585178 0.768646 0.577778 0.766667 0.548134 0.785417 0.551844 0.808329 0.52963 0.808324 0.522222 0.804167 0.51853 0.7875 0.533341 0.770833 0.52594 0.764583 0.529642 0.77291 0.488889 0.770833 0.481499 0.762523 0.488889 0.758333 0.518538 0.739583 0.500039 0.733338 0.503704 0.735417 0.514699 0.743758 0.518519 0.750022 0.52963 0.739583 0.537046 0.737504 0.548148 0.741667 0.555546 0.758333 0.551844 0.758341 0.577778 0.764583 0.585178
0 0.747917 0.788882 0.754163 0.781481 0.754163 0.77037 0.735413 0.7 0.735413 0.651852 0.722913 0.611111 0.714583 0.596304 0.704163 0.588889 0.704163 0.566667 0.7125 0.548141 0.718746 0.544444 0.731246 0.511111 0.737496 0.488889 0.737496 0.437037 0.752083 0.411104 0.758329 0.407407 0.758329 0.4 0.764579 0.392593 0.7625 0.385192 0.735417 0.385192 0.731254 0.392593 0.731254 0.418519 0.718754 0.466667 0.714587 0.503704 0.70625 0.525933 0.691671 0.540741 0.683337 0.577778 0.685421 0.614815 0.704171 0.651852 0.714587 0.7 0.729171 0.725926 0.739587 0.781481 0.747917 0.788882
0 0.602083 0.966659 0.61875 0.951845 0.633333 0.951845 0.65625 0.93703 0.681246 0.892593 0.689583 0.866659 0.7 0.862956 0.708329 0.851852 0.714579 0.792593 0.727079 0.748148 0.727079 0.725926 0.718746 0.707407 0.699996 0.640741 0.677083 0.5926 0.647917 0.577785 0.64375 0.570378 0.635417 0.570378 0.622917 0.581489 0.616663 0.548148 0.597913 0.503704 0.597899 0.496296 0.585413 0.477778 0.585413 0.47037 0.572917 0.448155 0.56875 0.448155 0.564587 0.459259 0.568754 0.492593 0.566682 0.540741 0.577087 0.57037 0.566667 0.577785 0.545833 0.607415 0.527083 0.622229 0.508333 0.666674 0.493754 0.677778 0.493767 0.803704 0.497917 0.805556 0.540625 0.740741 0.564579 0.718519 0.5625 0.65 0.571875 0.625926 0.5875 0.618403 0.575035 0.655556 0.572929 0.692593 0.602083 0.740724 0.627083 0.737028 0.63541 0.722222 0.635417 0.698148 0.639577 0.685185 0.654186 0.681481 0.658367 0.688889 0.647921 0.703704 0.641671 0.737037 0.633339 0.751852 0.614583 0.766674 0.591667 0.763131 0.579186 0.792593 0.56258 0.807407 0.547982 0.840741 0.537506 0.881481 0.535427 0.911111 0.55625 0.955413 0.572917 0.966659 0.602083 0.966659
3 0.628947 0.307315 0.620833 0.300132 0.616672 0.311111 0.617188 0.344444 0.59375 0.359328 0.587504 0.37037 0.589583 0.377769 0.595833 0.377609 0.610417 0.366659 0.620833 0.366659 0.625 0.358796 0.629216 0.381481 0.625007 0.396296 0.63125 0.403689 0.639579 0.377778 0.63125 0.351844 0.652083 0.351837 0.660417 0.344437 0.666667 0.347778 0.668746 0.340741 0.664583 0.329655 0.635417 0.337072 0.639578 0.303704 0.635412 0.27037 0.63125 0.263023 0.627091 0.27037 0.629205 0.303704 0.628947 0.307315
0 0.116667 0.911104 0.131246 0.885185 0.131246 0.874074 0.116667 0.848155 0.106246 0.844444 0.104163 0.796296 0.0979126 0.766667 0.0645792 0.696296 0.0395833 0.655563 0.0104126 0.651852 0.0124959 0.566667 0.0208333 0.562956 0.0312459 0.548148 0.0333292 0.522222 0.0249959 0.507407 0.0229126 0.481481 0.00833333 0.455563 0.00208333 0.455563 4.08497e-06 1 0.0416667 1.0037 0.0416667 1.0037 0.0458292 0.988889 0.0645833 0.955548 0.08125 0.940733 0.0833333 0.929622 0.0958333 0.922215 0.1 0.9074 0.116667 0.911104 0.135426 1 0.504167 1.00364 0.504167 1.00364 0.518746 0.981481 0.518746 0.974074 0.531241 0.948148 0.535413 0.925926 0.539579 0.922222 0.541663 0.907407 0.554163 0.877778 0.554163 0.859259 0.570829 0.82963 0.572913 0.818519 0.58125 0.803696 0.6375 0.762346 0.645833 0.716667 0.660395 0.688889 0.660395 0.666667 0.65 0.648457 0.639583 0.648196 0.63334 0.655556 0.629167 0.67963 0.623047 0.688889 0.610417 0.69269 0.596875 0.707407 0.583333 0.696318 0.58125 0.677697 0.5875 0.643981 0.6 0.609259 0.609375 0.6 0.610413 0.574074 0.604167 0.56297 0.585417 0.563169 0.566685 0.588889 0.554171 0.592593 0.552087 0.611111 0.556258 0.618519 0.556254 0.651852 0.547924 0.685185 0.547921 0.711111 0.541667 0.707672 0.525 0.722232 0.481254 0.803704 0.452083 0.837099 0.441667 0.859267 0.433333 0.85927 0.419792 0.87037 0.352083 0.872222 0.345833 0.870378 0.34375 0.86297 0.302083 0.866683 0.295833 0.859274 0.235417 0.862989 0.21875 0.859267 0.208333 0.888896 0.189583 0.903745 0.135426 1
3 0.73125 0.214808 0.731246 0.185185 0.722913 0.17037 0.735413 0.166667 0.741663 0.148148 0.739583 0.133341 0.729167 0.137044 0.725 0.151859 0.71875 0.151859 0.720829 0.118519 0.7125 0.114822 0.708333 0.155563 0.677087 0.162963 0.679167 0.177771 0.704171 0.177778 0.697921 0.196296 0.7 0.211104 0.708333 0.211104 0.712496 0.203704 0.714583 0.185178 0.722917 0.214808 0.73125 0.214808
3 0.302083 0.122215 0.308333 0.0814742 0.314583 0.0814742 0.329167 0.103696 0.337496 0.1 0.314579 0.0666667 0.329167 0.0666594 0.329167 0.0555628 0.304167 0.0555628 0.295833 0.040748 0.293754 0.0518519 0.297921 0.062963 0.270837 0.0888889 0.275 0.096289 0.302083 0.0740668 0.295837 0.1 0.295837 0.118519 0.302083 0.122215
3 0.247917 0.266659 0.252083 0.233326 0.272917 0.244437 0.277083 0.244437 0.279163 0.237037 0.26875 0.225933 0.254167 0.222229 0.254167 0.196304 0.250004 0.2 0.245833 0.222229 0.235417 0.203711 0.222917 0.200007 0.222917 0.211104 0.235417 0.218511 0.237504 0.225926 0.227087 0.244444 0.227087 0.251852 0.23125 0.255548 0.24375 0.23703 0.245837 0.240741 0.243754 0.262963 0.247917 0.266659
3 0.06875 0.13703 0.0708292 0.12963 0.0604126 0.111111 0.0770833 0.1074 0.0791626 0.1 0.0604167 0.0963036 0.0645792 0.0814815 0.0625 0.0740813 0.0562541 0.0814815 0.0541667 0.0925999 0.0395833 0.0851924 0.0333374 0.0888889 0.0375 0.0999927 0.0479208 0.103704 0.0291708 0.12963 0.03125 0.13703 0.0541667 0.114808 0.0645833 0.13703 0.06875 0.13703
3 0.264583 0.629622 0.270833 0.614808 0.289583 0.625919 0.3 0.625919 0.3 0.614822 0.289583 0.611118 0.287496 0.603704 0.306246 0.57037 0.302083 0.566674 0.29375 0.574081 0.28125 0.600007 0.26875 0.585192 0.2625 0.585192 0.2625 0.596289 0.272921 0.603704 0.266667 0.603711 0.260421 0.614815 0.260421 0.625926 0.264583 0.629622
10 0.64375 0.711118 0.637504 0.722222 0.637504 0.737037 0.65625 0.762956 0.675 0.774067 0.697917 0.774067 0.716667 0.766659 0.716671 0.774074 0.739583 0.818511 0.758333 0.818511 0.764583 0.8074 0.783333 0.822215 0.814583 0.825919 0.816671 0.855556 0.814583 0.874081 0.810417 0.877785 0.797917 0.848155 0.789587 0.851852 0.791671 0.874074 0.802087 0.892593 0.800004 0.92963 0.808333 0.933326 0.812496 0.925926 0.816667 0.896289 0.833337 0.962963 0.847917 0.977771 0.858329 0.974074 0.85625 0.959267 0.841663 0.944444 0.831246 0.907407 0.829163 0.866667 0.833329 0.862963 0.833333 0.851845 0.843754 0.874074 0.868754 0.962963 0.877083 0.981474 0.883333 0.981474 0.883333 0.981474 0.885413 0.962963 0.879163 0.951852 0.877079 0.933333 0.868746 0.918519 0.860417 0.888882 0.877083 0.888882 0.889583 0.896289 0.902087 0.914815 0.910417 0.951845 0.925 0.966659 0.9375 0.966659 0.939579 0.948148 0.931246 0.903704 0.914583 0.885192 0.891667 0.840748 0.8875 0.840748 0.877083 0.822229 0.860417 0.814822 0.85 0.803711 0.83125 0.807415 0.831246 0.8 0.820833 0.777785 0.783333 0.737044 0.775 0.737044 0.774996 0.718519 0.762496 0.674074 0.770829 0.662963 0.774996 0.633333 0.770829 0.585185 0.75625 0.559267 0.75 0.559267 0.74375 0.548155 0.71875 0.544452 0.706254 0.57037 0.706254 0.596296 0.733337 0.655556 0.735421 0.67037 0.731254 0.703704 0.735421 0.707407 0.754171 0.781481 0.745833 0.785192 0.735413 0.762963 0.735413 0.744444 0.720833 0.703711 0.6875 0.703711 0.654167 0.6926 0.654167 0.711104 0.68125 0.722215 0.697917 0.722215 0.710421 0.733333 0.68125 0.740748 0.6625 0.729637 0.652083 0.711118 0.64375 0.711118 0.627083 0.692585 0.637496 0.67037 0.764587 0.737037 0.758329 0.711111 0.749996 0.696296 0.814587 0.803704 0.789583 0.803711 0.775 0.7926 0.895837 0.877778 0.883333 0.870378 0.85625 0.874081 0.9125 0.9074 0.916663 0.92963 0.925004 0.940741 0.925004 0.940741 0.920837 0.914815 0.9125 0.9074 0.85625 0.874081 0.854163 0.859259 0.839579 0.833333 0.837496 0.822222 0.866667 0.83703 0.895837 0.877778 0.895837 0.877778 0.775 0.7926 0.766663 0.774074 0.768746 0.762963 0.779167 0.762956 0.814587 0.803704 0.814587 0.803704 0.749996 0.696296 0.752083 0.685178 0.764587 0.737037 0.764587 0.737037 0.637496 0.67037 0.637496 0.648148 0.633329 0.633333 0.637496 0.625926 0.637496 0.603704 0.627083 0.585192 0.616667 0.585192 0.608337 0.6 0.608333 0.607415 0.604167 0.607415 0.589587 0.633333 0.585421 0.655556 0.587504 0.681481 0.583337 0.688889 0.583337 0.703704 0.591667 0.718511 0.602083 0.718511 0.602083 0.718511 0.627083 0.692585
3 0.7625 1.0037 0.764579 0.92963 0.779167 0.951845 0.785413 0.948148 0.777083 0.929637 0.764579 0.918519 0.762496 0.903704 0.766663 0.888889 0.764583 0.877785 0.756254 0.896296 0.75625 0.911118 0.739583 0.900007 0.729171 0.903704 0.73125 0.911104 0.747921 0.914815 0.750004 0.92963 0.739587 0.951852 0.741667 0.959252 0.745833 0.959252 0.758337 0.933333 0.756254 0.981481 0.758337 1 0.7625 1.0037
3 0.945833 1.0037 0.947913 0.992593 0.939579 0.974074 0.947917 0.970363 0.949996 0.962963 0.933329 0.962963 0.935413 0.911111 0.933329 0.9 0.922917 0.885192 0.920837 0.896296 0.929171 0.914815 0.929171 0.937037 0.927083 0.96297 0.916667 0.951859 0.910421 0.959259 0.9125 0.966659 0.91875 0.966659 0.925004 0.977778 0.916671 1 0.920833 1.0037 0.93125 0.985178 0.941667 1.0037 0.945833 1.0037
