5 0.66875 0.818511 0.6875 0.796289 0.7125 0.799993 0.727079 0.781481 0.714579 0.751852 0.714579 0.714815 0.704167 0.6926 0.689583 0.677785 0.6375 0.677785 0.629171 0.696296 0.631254 0.751852 0.627087 0.774074 0.620833 0.777785 0.616671 0.788889 0.618754 0.8 0.627083 0.814808 0.66875 0.818511
5 0.645833 0.555548 0.670833 0.544437 0.6875 0.544437 0.693746 0.537037 0.695829 0.525926 0.675 0.488896 0.6625 0.477785 0.658337 0.485185 0.658337 0.5 0.654167 0.500007 0.652083 0.477785 0.637504 0.492593 0.637504 0.507407 0.627087 0.522222 0.635417 0.555548 0.645833 0.555548
5 0.6125 0.277771 0.61875 0.270363 0.627083 0.274067 0.631246 0.266667 0.631246 0.251852 0.637496 0.237037 0.637496 0.225926 0.635413 0.207407 0.627083 0.188896 0.614583 0.177785 0.602083 0.177785 0.595833 0.181489 0.579167 0.218526 0.570837 0.225926 0.570837 0.237037 0.583333 0.255548 0.591667 0.262956 0.602083 0.262956 0.6125 0.277771
5 0.658333 0.299993 0.666667 0.311104 0.677083 0.311104 0.677083 0.311104 0.685417 0.303696 0.689583 0.3074 0.695829 0.296296 0.704161 0.266667 0.704161 0.244444 0.697911 0.214815 0.689583 0.200011 0.658333 0.196322 0.650104 0.207407 0.650004 0.222222 0.641671 0.240741 0.639587 0.259259 0.643754 0.266667 0.639587 0.27037 0.639587 0.288889 0.65 0.292585 0.652083 0.299993 0.658333 0.299993 0.664579 0.277778 0.677087 0.281481 0.677087 0.281481 0.679171 0.274074 0.675004 0.259259 0.670833 0.251845 0.6625 0.251845 0.660413 0.266667 0.664579 0.277778
5 0.55 0.696271 0.558333 0.685178 0.575 0.685178 0.577079 0.662963 0.585413 0.651852 0.58125 0.640748 0.570829 0.633333 0.568746 0.618519 0.574996 0.607407 0.564583 0.600009 0.560417 0.588935 0.547917 0.588903 0.541667 0.603711 0.53125 0.607415 0.520895 0.633333 0.533362 0.685185 0.55 0.696271
5 0.660417 1.0037 0.672913 0.981481 0.672913 0.962963 0.664579 0.940741 0.664579 0.92963 0.672912 0.892593 0.664583 0.881562 0.651042 0.881481 0.645833 0.874444 0.636458 0.885185 0.622917 0.8889 0.618764 0.911111 0.620833 0.933407 0.612511 0.955556 0.614588 0.974074 0.63125 0.999987 0.64375 0.999991 0.649993 0.988889 0.652083 0.962956 0.658337 0.97037 0.658337 0.977778 0.650004 1 0.660417 1.0037
5 0.514583 0.607399 0.522894 0.588889 0.522913 0.551852 0.53125 0.53703 0.552083 0.536996 0.558326 0.525926 0.558326 0.503704 0.552083 0.492634 0.533333 0.4926 0.533329 0.485185 0.522917 0.470392 0.5125 0.474115 0.508333 0.48149 0.497917 0.455568 0.4875 0.455571 0.481262 0.466667 0.481254 0.485185 0.487504 0.503704 0.46875 0.507449 0.460428 0.522222 0.458346 0.537037 0.46875 0.562951 0.489583 0.570363 0.504167 0.607395 0.514583 0.607399
5 0.51875 0.38145 0.525 0.377662 0.529167 0.366659 0.55625 0.370329 0.564575 0.355556 0.564578 0.337037 0.558333 0.325935 0.545812 0.322222 0.552076 0.311111 0.554167 0.296237 0.556273 0.318519 0.560417 0.32591 0.570833 0.329617 0.579144 0.318519 0.579161 0.266667 0.570833 0.244486 0.55 0.240748 0.547894 0.22963 0.541667 0.222233 0.529167 0.225967 0.525 0.240748 0.516667 0.225936 0.50625 0.225937 0.500007 0.237037 0.500004 0.255556 0.506273 0.281481 0.491667 0.2926 0.477083 0.28893 0.468773 0.3 0.462504 0.340741 0.462506 0.351852 0.46875 0.366551 0.479167 0.366654 0.5 0.340731 0.500023 0.355556 0.504232 0.366667 0.51875 0.38145
5 0.395833 0.848138 0.402078 0.837037 0.404162 0.818519 0.4125 0.814807 0.418745 0.803704 0.414518 0.744444 0.408333 0.737153 0.397894 0.740741 0.3875 0.725948 0.360417 0.703819 0.35 0.707439 0.343757 0.722222 0.343759 0.733333 0.366667 0.770329 0.364593 0.781481 0.354167 0.770486 0.335417 0.766708 0.329175 0.777778 0.32919 0.8 0.354167 0.825885 0.375 0.825919 0.383333 0.848125 0.395833 0.848138
5 0.33125 0.966551 0.347917 0.962953 0.354167 0.951843 0.372917 0.940727 0.379144 0.92963 0.381244 0.87037 0.372917 0.851874 0.364583 0.851868 0.358333 0.862974 0.347917 0.859271 0.33959 0.87037 0.337507 0.885185 0.343763 0.903704 0.335417 0.889005 0.322917 0.888911 0.30419 0.922222 0.304174 0.940741 0.308333 0.951811 0.33125 0.966551
5 0.725 0.188848 0.741652 0.159259 0.745833 0.144434 0.75625 0.15184 0.766667 0.15182 0.772917 0.144437 0.78541 0.114815 0.785409 0.0814815 0.779167 0.0703819 0.76875 0.0703805 0.7625 0.0852023 0.741602 0.0296296 0.735417 0.0222415 0.716634 0.0185185 0.708333 0.0111231 0.66875 0.014856 0.664588 0.0259259 0.664606 0.0444444 0.672921 0.0555556 0.672929 0.0888889 0.685417 0.107385 0.695898 0.103704 0.7125 0.129604 0.706262 0.174074 0.714583 0.18888 0.725 0.188848
5 0.84375 0.437019 0.854144 0.425926 0.8625 0.403678 0.86875 0.422162 0.883333 0.429621 0.895833 0.42581 0.908318 0.403704 0.910411 0.392593 0.908333 0.381424 0.914574 0.366667 0.914576 0.348148 0.908329 0.311111 0.902083 0.296337 0.864583 0.277894 0.856255 0.292593 0.858333 0.314822 0.839583 0.318544 0.829172 0.333333 0.829171 0.351852 0.835417 0.362955 0.845838 0.366667 0.831315 0.4 0.831254 0.422222 0.84375 0.437019
11 0.422917 0.277785 0.414583 0.262979 0.366667 0.263079 0.325 0.300041 0.314648 0.318519 0.308337 0.340741 0.302101 0.348148 0.287512 0.411111 0.285425 0.522222 0.295843 0.574074 0.314601 0.633333 0.3625 0.692551 0.3875 0.703663 0.422917 0.703663 0.422917 0.703663 0.435417 0.696255 0.447852 0.674074 0.453646 0.644444 0.475 0.659245 0.502083 0.659144 0.508321 0.648148 0.506205 0.622222 0.5 0.614837 0.481243 0.611111 0.46875 0.585197 0.447917 0.555564 0.429167 0.514828 0.424996 0.496296 0.433329 0.437037 0.439569 0.422222 0.445829 0.381481 0.45625 0.348135 0.46875 0.340732 0.474996 0.32963 0.477075 0.314815 0.472912 0.303704 0.475 0.299993 0.491667 0.303696 0.499983 0.292593 0.497877 0.266667 0.485417 0.251881 0.45625 0.252058 0.45 0.26297 0.429167 0.270384 0.422917 0.277785 0.408333 0.307399 0.377083 0.303696 0.339583 0.33703 0.318746 0.388889 0.3625 0.640748 0.352083 0.622263 0.33541 0.607407 0.318746 0.555556 0.310413 0.514815 0.312486 0.433333 0.362509 0.444444 0.399989 0.659259 0.420837 0.659259 0.420837 0.659259 0.425004 0.651852 0.4125 0.640733 0.399989 0.659259 0.362509 0.444444 0.36251 0.488889 0.366684 0.514815 0.38546 0.588889 0.393754 0.607407 0.3875 0.622229 0.366674 0.640741 0.366674 0.640741 0.3625 0.640748 0.318746 0.388889 0.347786 0.4 0.370838 0.4 0.370838 0.4 0.379167 0.377794 0.387505 0.337037 0.408333 0.307399
