5 0.575 0.666615 0.585378 0.651852 0.585411 0.637037 0.572917 0.61479 0.589564 0.592593 0.591661 0.581481 0.589583 0.551808 0.597912 0.533333 0.597912 0.514815 0.591663 0.503704 0.593735 0.485185 0.5875 0.474084 0.579167 0.470385 0.558333 0.481519 0.55 0.4926 0.549993 0.485185 0.54375 0.474083 0.535417 0.470412 0.52501 0.488889 0.525008 0.507407 0.531255 0.525926 0.504176 0.566667 0.504179 0.581481 0.5125 0.599944 0.520833 0.607395 0.539583 0.603696 0.535427 0.622222 0.541667 0.63703 0.552131 0.640741 0.5625 0.659191 0.575 0.666615
5 0.614583 0.359247 0.63124 0.337037 0.633321 0.322222 0.625 0.303726 0.597917 0.303716 0.597913 0.285185 0.608333 0.266659 0.620833 0.259252 0.622921 0.285185 0.629167 0.296288 0.635417 0.299884 0.645826 0.285185 0.654144 0.237037 0.645833 0.218527 0.633333 0.207418 0.61875 0.207417 0.6 0.225933 0.583333 0.229637 0.566667 0.20742 0.55625 0.203722 0.547982 0.214815 0.547917 0.233341 0.520833 0.255575 0.508356 0.274074 0.510425 0.296296 0.514583 0.303672 0.527083 0.299993 0.527092 0.307407 0.533333 0.318505 0.545833 0.318477 0.5625 0.303696 0.560421 0.340741 0.56875 0.35554 0.591667 0.351845 0.6 0.359249 0.614583 0.359247
5 0.783333 0.288879 0.791667 0.28147 0.797911 0.262963 0.797894 0.207407 0.793727 0.192593 0.779167 0.166689 0.770833 0.166674 0.7625 0.148165 0.735417 0.151968 0.722921 0.177778 0.720838 0.218519 0.722929 0.22963 0.727083 0.236996 0.739583 0.236996 0.745827 0.222222 0.745829 0.196296 0.75 0.192578 0.754171 0.207407 0.76875 0.225915 0.770838 0.237037 0.75 0.240752 0.741679 0.259259 0.743773 0.274074 0.758333 0.288848 0.783333 0.288879
5 0.708333 0.218496 0.72081 0.203704 0.720829 0.181481 0.716661 0.166667 0.716644 0.144444 0.708333 0.125948 0.7 0.125937 0.69375 0.133374 0.664583 0.129645 0.656258 0.144444 0.658356 0.166667 0.65 0.166689 0.64169 0.185185 0.643773 0.2 0.652083 0.21107 0.666667 0.210995 0.677083 0.199989 0.69375 0.218487 0.708333 0.218496
5 0.516667 0.85183 0.524988 0.833333 0.522913 0.825926 0.527083 0.825916 0.533328 0.814815 0.535417 0.79258 0.554102 0.755556 0.554159 0.737037 0.545833 0.722254 0.529167 0.718634 0.514583 0.733342 0.502083 0.733342 0.493755 0.748148 0.491672 0.792593 0.493768 0.814815 0.504167 0.848107 0.516667 0.85183
5 0.420833 0.937015 0.427076 0.925926 0.427079 0.881481 0.431246 0.859259 0.443727 0.837037 0.445827 0.811111 0.433333 0.796312 0.416667 0.81856 0.410394 0.788889 0.397917 0.76668 0.3625 0.763004 0.354174 0.777778 0.356273 0.8 0.3625 0.807392 0.3875 0.8074 0.391667 0.825967 0.385417 0.866674 0.375 0.866674 0.3625 0.840755 0.354167 0.837059 0.343757 0.851852 0.345842 0.877778 0.364583 0.911102 0.377083 0.914808 0.402083 0.911104 0.404177 0.925926 0.410417 0.936996 0.420833 0.937015
5 0.635417 0.755545 0.643746 0.740741 0.643727 0.707407 0.635417 0.692602 0.627079 0.692593 0.629144 0.662963 0.620833 0.64817 0.6125 0.64817 0.602083 0.674083 0.591667 0.65927 0.583333 0.6593 0.577096 0.67037 0.577098 0.692593 0.59375 0.748107 0.604167 0.75182 0.616667 0.740733 0.627083 0.755534 0.635417 0.755545
5 0.641667 0.562905 0.649978 0.544444 0.64581 0.511111 0.6375 0.500012 0.625 0.503716 0.620833 0.492708 0.608333 0.492615 0.602106 0.503704 0.602148 0.522222 0.606273 0.537037 0.61875 0.555548 0.641667 0.562905
5 0.766667 0.596287 0.777076 0.581481 0.777079 0.559259 0.76875 0.533393 0.766654 0.5 0.7625 0.492634 0.75 0.492634 0.74375 0.507416 0.7375 0.492601 0.727083 0.492605 0.720841 0.503704 0.725004 0.551852 0.714606 0.562963 0.712514 0.574074 0.71459 0.585185 0.720833 0.596281 0.766667 0.596287
5 0.73125 0.896282 0.747917 0.888858 0.770833 0.855543 0.779167 0.877756 0.789583 0.88147 0.799935 0.87037 0.8 0.862946 0.810417 0.859249 0.816657 0.848148 0.816649 0.818519 0.804162 0.785185 0.810404 0.72963 0.802083 0.711133 0.79375 0.71112 0.770833 0.729639 0.756284 0.751852 0.7375 0.729639 0.725 0.733344 0.71669 0.748148 0.716672 0.825926 0.720833 0.837015 0.733333 0.840724 0.739578 0.82963 0.739583 0.785177 0.754176 0.8 0.73125 0.851859 0.716667 0.85186 0.706273 0.862963 0.70419 0.877778 0.7125 0.896284 0.73125 0.896282
5 0.9 0.68885 0.910384 0.659259 0.910404 0.614815 0.906216 0.596296 0.902079 0.592593 0.90206 0.551852 0.89375 0.537047 0.879167 0.537078 0.870856 0.548148 0.854184 0.592593 0.852148 0.618519 0.860417 0.629617 0.86875 0.62957 0.877083 0.611088 0.885421 0.62963 0.885421 0.648148 0.881273 0.659259 0.883341 0.677778 0.889583 0.688874 0.9 0.68885
5 0.904167 0.155498 0.910406 0.144444 0.912467 0.12963 0.893739 0.0888889 0.90625 0.0739583 0.914575 0.0555556 0.914578 0.037037 0.908333 0.022236 0.897917 0.0185764 0.88125 0.0481555 0.86875 0.0555628 0.8625 0.0333745 0.862488 0.0185185 0.85625 0.00742945 0.78125 0.00371622 0.77294 0.0111111 0.770846 0.037037 0.777083 0.048107 0.802106 0.0481481 0.793755 0.0703704 0.79375 0.0963282 0.78544 0.114815 0.785422 0.125926 0.79375 0.144433 0.804167 0.144403 0.816667 0.122215 0.839583 0.1074 0.85625 0.103696 0.877095 0.125926 0.8875 0.148122 0.904167 0.155498
5 0.933333 0.37777 0.941661 0.362963 0.941644 0.348148 0.920829 0.314815 0.9125 0.259218 0.927083 0.28144 0.9375 0.281472 0.943727 0.274074 0.945826 0.255556 0.939579 0.240741 0.95 0.218511 0.970833 0.20369 0.97705 0.192593 0.977078 0.166667 0.966667 0.151863 0.95625 0.155578 0.95 0.166674 0.927083 0.166708 0.920833 0.155573 0.910417 0.151893 0.902148 0.162963 0.902083 0.177819 0.89375 0.174081 0.885417 0.177819 0.881255 0.192593 0.875 0.196337 0.868773 0.211111 0.870856 0.237037 0.881262 0.244444 0.885431 0.292593 0.900023 0.344444 0.916667 0.370255 0.933333 0.37777
11 0.314648 0.311111 0.295848 0.37037 0.28544 0.433333 0.285482 0.514815 0.289596 0.585185 0.295856 0.618519 0.306273 0.648148 0.335417 0.699984 0.383333 0.744432 0.435417 0.751826 0.435417 0.751826 0.460417 0.729572 0.464583 0.7148 0.472917 0.718468 0.483333 0.703632 0.510417 0.729609 0.529167 0.729612 0.537482 0.711111 0.533247 0.685185 0.520828 0.659259 0.527057 0.644444 0.520829 0.607407 0.522913 0.518519 0.529163 0.47037 0.535406 0.448148 0.535413 0.433333 0.543734 0.411111 0.545829 0.388889 0.56666 0.337037 0.566657 0.318519 0.560417 0.307421 0.55 0.307415 0.537423 0.332275 0.537479 0.314815 0.529167 0.300265 0.522907 0.3 0.518746 0.27037 0.527078 0.251852 0.527072 0.240741 0.51875 0.225934 0.508333 0.225954 0.5 0.237045 0.49375 0.229645 0.48125 0.22966 0.458333 0.251859 0.452083 0.237047 0.416667 0.229637 0.410417 0.222263 0.385417 0.222239 0.35625 0.240755 0.3375 0.266782 0.314648 0.311111 0.337496 0.32963 0.318746 0.388889 0.374985 0.685185 0.352083 0.666674 0.322913 0.614815 0.31875 0.600018 0.310413 0.511111 0.3125 0.433325 0.379171 0.437037 0.43125 0.67406 0.410413 0.703704 0.431273 0.707407 0.431273 0.707407 0.441693 0.696296 0.43125 0.67406 0.379171 0.437037 0.37503 0.462963 0.375013 0.507407 0.379177 0.566667 0.400007 0.622222 0.412505 0.644444 0.383341 0.685185 0.383341 0.685185 0.374985 0.685185 0.318746 0.388889 0.387504 0.392593 0.387504 0.392593 0.389614 0.377778 0.433333 0.277769 0.389583 0.266659 0.366667 0.281474 0.337496 0.32963
