5 0.947917 0.566049 0.954167 0.562944 0.962479 0.548148 0.966536 0.522222 0.964574 0.507407 0.952083 0.485206 0.922917 0.488897 0.912522 0.511111 0.914589 0.525926 0.920833 0.537018 0.93125 0.533326 0.935422 0.551852 0.947917 0.566049
5 0.754167 0.266645 0.768738 0.237037 0.772908 0.2 0.766667 0.188911 0.760417 0.188896 0.754167 0.174087 0.74375 0.174115 0.737523 0.185185 0.737505 0.207407 0.731257 0.22963 0.731259 0.255556 0.7375 0.266635 0.754167 0.266645
5 0.78125 0.892571 0.799977 0.859259 0.806246 0.825926 0.837435 0.774074 0.845826 0.744444 0.841667 0.722263 0.829167 0.718528 0.82294 0.725926 0.8125 0.725967 0.80625 0.748174 0.806238 0.737037 0.797917 0.722263 0.779167 0.72223 0.762505 0.751852 0.762523 0.774074 0.772929 0.788889 0.727083 0.792615 0.718758 0.803704 0.716681 0.82963 0.725 0.844434 0.731264 0.844444 0.745833 0.866647 0.764583 0.87406 0.76669 0.885185 0.772917 0.89258 0.78125 0.892571
5 0.470833 0.981456 0.477083 0.977746 0.483328 0.962963 0.481246 0.918519 0.483333 0.911085 0.491667 0.903663 0.49791 0.888889 0.497911 0.87037 0.489579 0.855556 0.489569 0.833333 0.470833 0.803745 0.452083 0.785198 0.425 0.785197 0.41669 0.796296 0.414606 0.837037 0.422917 0.851836 0.427083 0.851845 0.435417 0.848116 0.4375 0.840733 0.452101 0.837037 0.445898 0.851852 0.441667 0.851862 0.435421 0.862963 0.433339 0.874074 0.439583 0.892579 0.454171 0.896296 0.450018 0.911111 0.450012 0.944444 0.4625 0.97406 0.470833 0.981456
5 0.672917 0.455534 0.683326 0.437037 0.683319 0.411111 0.677083 0.400116 0.66875 0.400023 0.662565 0.407407 0.647852 0.403704 0.652079 0.388889 0.652072 0.362963 0.647894 0.340741 0.641667 0.329671 0.624993 0.322222 0.62291 0.307407 0.616667 0.296305 0.604163 0.292593 0.602079 0.277778 0.61041 0.259259 0.60831 0.240741 0.6 0.229639 0.589583 0.225933 0.585417 0.211152 0.572917 0.207429 0.564596 0.225926 0.564596 0.251852 0.556254 0.266667 0.556273 0.288889 0.564583 0.299989 0.58125 0.307399 0.581257 0.322222 0.585417 0.333292 0.6 0.337023 0.60625 0.351736 0.618754 0.362963 0.610425 0.377778 0.610425 0.4 0.633333 0.448107 0.672917 0.455534
5 0.516667 0.585175 0.527083 0.577718 0.537488 0.559259 0.537477 0.544444 0.529167 0.529671 0.504161 0.52963 0.512493 0.511111 0.512435 0.5 0.502083 0.481496 0.483333 0.485196 0.477094 0.496296 0.477101 0.537037 0.481273 0.559259 0.49375 0.566659 0.50625 0.585171 0.516667 0.585175
5 0.595833 0.451736 0.606236 0.437037 0.606241 0.418519 0.595829 0.403704 0.593727 0.37037 0.5875 0.362979 0.56875 0.36297 0.560417 0.351893 0.525 0.355597 0.514598 0.37037 0.510417 0.3889 0.5 0.362975 0.485417 0.362975 0.47919 0.37037 0.470856 0.403704 0.472923 0.418519 0.479167 0.429608 0.4875 0.42962 0.49375 0.422202 0.504167 0.436996 0.520833 0.4407 0.531242 0.425926 0.535394 0.4 0.554167 0.396289 0.5625 0.407385 0.572917 0.407394 0.575012 0.42963 0.5875 0.448032 0.595833 0.451736
5 0.560417 0.655544 0.585417 0.633308 0.591649 0.614815 0.589572 0.588889 0.56875 0.559375 0.5625 0.559317 0.554232 0.57037 0.554171 0.611111 0.547917 0.614856 0.543755 0.625926 0.543755 0.640741 0.547917 0.651811 0.560417 0.655544
4 0.995833 0.870635 0.979167 0.855579 0.966667 0.851861 0.952083 0.855564 0.937496 0.82963 0.93125 0.807418 0.910417 0.781526 0.897917 0.788904 0.889619 0.803704 0.8875 0.837045 0.88125 0.837078 0.839583 0.907415 0.822917 0.914831 0.812504 0.92963 0.814598 0.959259 0.83125 0.977662 0.841667 0.977771 0.841672 0.992593 0.847917 1.0037 0.989583 1.00369 0.989583 1.00369 0.999995 0.985185 0.999995 0.966667 0.993746 0.955556 1.00207 0.948148 1.00208 0.885185 0.995833 0.870635 0.979171 0.903704 0.968739 0.896296 0.927088 0.933333 0.922931 0.925926 0.920829 0.92963 0.881255 0.937037 0.879167 0.933322 0.877062 0.937037 0.881255 0.937037 0.881255 0.937037 0.920829 0.92963 0.927088 0.933333 0.927088 0.933333 0.968739 0.896296 0.972913 0.918519 0.977089 0.922222 0.977089 0.922222 0.981267 0.914815 0.979171 0.903704
11 0.53125 0.588878 0.577083 0.574051 0.593727 0.548148 0.5958 0.488889 0.591661 0.444444 0.58956 0.42963 0.570833 0.385226 0.558333 0.377797 0.53125 0.377894 0.527083 0.385192 0.5125 0.38893 0.495833 0.411118 0.489583 0.411152 0.48125 0.422248 0.475 0.411127 0.466667 0.407416 0.460417 0.389005 0.429167 0.385201 0.416667 0.392634 0.40419 0.414815 0.404171 0.433333 0.393773 0.451852 0.39169 0.522222 0.4125 0.570329 0.433333 0.570355 0.441667 0.559218 0.460417 0.559252 0.472917 0.566551 0.487523 0.566667 0.50625 0.588878 0.53125 0.588878
